  0.015  0.000       0.381E+14       0.207E+05       0.544E-09       0.475E-02       0.736E-04       0.381E+14
  0.025  0.000       0.322E+14       0.325E+05       0.101E-08       0.810E-02       0.104E-03             NaN
  0.035  0.000       0.286E+14       0.429E+05       0.150E-08       0.113E-01       0.129E-03             NaN
  0.045  0.000       0.260E+14       0.521E+05       0.200E-08       0.144E-01       0.151E-03             NaN
  0.055  0.000       0.240E+14       0.603E+05       0.251E-08       0.174E-01       0.170E-03             NaN
  0.065  0.000       0.224E+14       0.676E+05       0.302E-08       0.202E-01       0.187E-03             NaN
  0.075  0.000       0.210E+14       0.740E+05       0.353E-08       0.229E-01       0.202E-03             NaN
  0.085  0.000       0.197E+14       0.797E+05       0.404E-08       0.254E-01       0.216E-03             NaN
  0.095  0.000       0.186E+14       0.848E+05       0.456E-08       0.278E-01       0.228E-03             NaN
  0.105  0.000       0.176E+14       0.893E+05       0.506E-08       0.301E-01       0.238E-03             NaN
  0.115  0.000       0.168E+14       0.933E+05       0.557E-08       0.322E-01       0.248E-03             NaN
  0.125  0.000       0.159E+14       0.968E+05       0.607E-08       0.343E-01       0.257E-03             NaN
  0.135  0.000       0.152E+14       0.999E+05       0.658E-08       0.362E-01       0.264E-03             NaN
  0.145  0.000       0.145E+14       0.103E+06       0.707E-08       0.381E-01       0.271E-03             NaN
  0.155  0.000       0.139E+14       0.105E+06       0.757E-08       0.399E-01       0.277E-03             NaN
  0.165  0.000       0.133E+14       0.107E+06       0.806E-08       0.415E-01       0.282E-03             NaN
  0.175  0.000       0.127E+14       0.109E+06       0.854E-08       0.431E-01       0.287E-03             NaN
  0.185  0.000       0.122E+14       0.110E+06       0.903E-08       0.446E-01       0.291E-03             NaN
  0.195  0.000       0.117E+14       0.112E+06       0.951E-08       0.461E-01       0.295E-03             NaN
  0.205  0.000       0.113E+14       0.113E+06       0.998E-08       0.475E-01       0.298E-03             NaN
  0.215  0.000       0.109E+14       0.114E+06       0.105E-07       0.488E-01       0.301E-03             NaN
  0.225  0.000       0.105E+14       0.115E+06       0.109E-07       0.500E-01       0.304E-03             NaN
  0.235  0.000       0.101E+14       0.115E+06       0.114E-07       0.512E-01       0.306E-03             NaN
  0.245  0.000       0.975E+13       0.116E+06       0.119E-07       0.524E-01       0.308E-03             NaN
  0.255  0.000       0.942E+13       0.116E+06       0.123E-07       0.534E-01       0.309E-03             NaN
  0.265  0.000       0.910E+13       0.116E+06       0.128E-07       0.545E-01       0.311E-03             NaN
  0.275  0.000       0.880E+13       0.116E+06       0.132E-07       0.555E-01       0.312E-03             NaN
  0.285  0.000       0.852E+13       0.116E+06       0.137E-07       0.564E-01       0.313E-03             NaN
  0.295  0.000       0.825E+13       0.116E+06       0.141E-07       0.573E-01       0.313E-03             NaN
  0.305  0.000       0.799E+13       0.116E+06       0.146E-07       0.582E-01       0.314E-03             NaN
  0.315  0.000       0.774E+13       0.116E+06       0.150E-07       0.590E-01       0.314E-03             NaN
  0.325  0.000       0.751E+13       0.116E+06       0.154E-07       0.598E-01       0.314E-03             NaN
  0.335  0.000       0.729E+13       0.116E+06       0.159E-07       0.606E-01       0.314E-03             NaN
  0.345  0.000       0.707E+13       0.115E+06       0.163E-07       0.613E-01       0.314E-03             NaN
  0.355  0.000       0.687E+13       0.115E+06       0.167E-07       0.620E-01       0.314E-03             NaN
  0.365  0.000       0.668E+13       0.115E+06       0.172E-07       0.627E-01       0.314E-03             NaN
  0.375  0.000       0.649E+13       0.114E+06       0.176E-07       0.633E-01       0.313E-03             NaN
  0.385  0.000       0.631E+13       0.114E+06       0.180E-07       0.639E-01       0.313E-03             NaN
  0.395  0.000       0.614E+13       0.113E+06       0.184E-07       0.645E-01       0.312E-03             NaN
  0.405  0.000       0.598E+13       0.113E+06       0.188E-07       0.651E-01       0.312E-03             NaN
  0.415  0.000       0.582E+13       0.112E+06       0.192E-07       0.656E-01       0.311E-03             NaN
  0.425  0.000       0.567E+13       0.111E+06       0.197E-07       0.662E-01       0.310E-03             NaN
  0.435  0.000       0.552E+13       0.111E+06       0.201E-07       0.667E-01       0.309E-03             NaN
  0.445  0.000       0.538E+13       0.110E+06       0.205E-07       0.671E-01       0.308E-03             NaN
  0.455  0.000       0.525E+13       0.110E+06       0.209E-07       0.676E-01       0.307E-03             NaN
  0.465  0.000       0.512E+13       0.109E+06       0.213E-07       0.681E-01       0.306E-03             NaN
  0.475  0.000       0.499E+13       0.108E+06       0.217E-07       0.685E-01       0.305E-03             NaN
  0.485  0.000       0.487E+13       0.108E+06       0.221E-07       0.689E-01       0.304E-03             NaN
  0.495  0.000       0.476E+13       0.107E+06       0.225E-07       0.693E-01       0.303E-03             NaN
  0.505  0.000       0.464E+13       0.106E+06       0.229E-07       0.696E-01       0.302E-03             NaN
  0.515  0.000       0.453E+13       0.105E+06       0.232E-07       0.700E-01       0.301E-03             NaN
  0.525  0.000       0.443E+13       0.105E+06       0.236E-07       0.704E-01       0.299E-03             NaN
  0.535  0.000       0.433E+13       0.104E+06       0.240E-07       0.707E-01       0.298E-03             NaN
  0.545  0.000       0.423E+13       0.103E+06       0.244E-07       0.710E-01       0.297E-03             NaN
  0.555  0.000       0.414E+13       0.103E+06       0.248E-07       0.713E-01       0.295E-03             NaN
  0.565  0.000       0.404E+13       0.102E+06       0.252E-07       0.716E-01       0.294E-03             NaN
  0.575  0.000       0.395E+13       0.101E+06       0.256E-07       0.719E-01       0.293E-03             NaN
  0.585  0.000       0.387E+13       0.100E+06       0.259E-07       0.721E-01       0.291E-03             NaN
  0.595  0.000       0.378E+13       0.996E+05       0.263E-07       0.724E-01       0.290E-03             NaN
  0.605  0.000       0.370E+13       0.988E+05       0.267E-07       0.726E-01       0.288E-03             NaN
  0.615  0.000       0.362E+13       0.981E+05       0.271E-07       0.729E-01       0.287E-03             NaN
  0.625  0.001       0.355E+13       0.973E+05       0.274E-07       0.731E-01       0.286E-03             NaN
  0.635  0.001       0.347E+13       0.966E+05       0.278E-07       0.733E-01       0.284E-03             NaN
  0.645  0.001       0.340E+13       0.959E+05       0.282E-07       0.735E-01       0.283E-03             NaN
  0.655  0.001       0.333E+13       0.951E+05       0.285E-07       0.737E-01       0.281E-03             NaN
  0.665  0.001       0.327E+13       0.944E+05       0.289E-07       0.739E-01       0.280E-03             NaN
  0.675  0.001       0.320E+13       0.936E+05       0.293E-07       0.740E-01       0.278E-03             NaN
  0.685  0.001       0.314E+13       0.929E+05       0.296E-07       0.742E-01       0.276E-03             NaN
  0.695  0.001       0.307E+13       0.922E+05       0.300E-07       0.743E-01       0.275E-03             NaN
  0.705  0.001       0.301E+13       0.914E+05       0.304E-07       0.745E-01       0.273E-03             NaN
  0.715  0.001       0.295E+13       0.907E+05       0.307E-07       0.746E-01       0.272E-03             NaN
  0.725  0.001       0.290E+13       0.899E+05       0.311E-07       0.748E-01       0.270E-03             NaN
  0.735  0.001       0.284E+13       0.892E+05       0.314E-07       0.749E-01       0.269E-03             NaN
