  0.015  0.006       0.381E+14       0.958E+07       0.251E-06       0.219E+01       0.340E-01       0.336E+14
  0.025  0.009       0.322E+14       0.150E+08       0.466E-06       0.374E+01       0.478E-01       0.218E+14
  0.035  0.013       0.286E+14       0.198E+08       0.692E-06       0.523E+01       0.595E-01       0.154E+14
  0.045  0.017       0.260E+14       0.240E+08       0.923E-06       0.666E+01       0.696E-01       0.106E+14
  0.055  0.020       0.240E+14       0.278E+08       0.116E-05       0.803E+01       0.786E-01       0.776E+13
  0.065  0.024       0.224E+14       0.312E+08       0.139E-05       0.932E+01       0.864E-01       0.640E+13
  0.075  0.028       0.210E+14       0.342E+08       0.163E-05       0.106E+02       0.934E-01       0.502E+13
  0.085  0.032       0.197E+14       0.368E+08       0.187E-05       0.117E+02       0.996E-01       0.384E+13
  0.095  0.035       0.186E+14       0.392E+08       0.210E-05       0.128E+02       0.105E+00       0.654E+13
  0.105  0.039       0.176E+14       0.412E+08       0.234E-05       0.139E+02       0.110E+00       0.559E+13
  0.115  0.043       0.168E+14       0.431E+08       0.257E-05       0.149E+02       0.114E+00       0.487E+13
  0.125  0.046       0.159E+14       0.447E+08       0.280E-05       0.158E+02       0.118E+00       0.425E+13
  0.135  0.050       0.152E+14       0.461E+08       0.304E-05       0.167E+02       0.122E+00       0.363E+13
  0.145  0.054       0.145E+14       0.474E+08       0.326E-05       0.176E+02       0.125E+00       0.324E+13
  0.155  0.058       0.139E+14       0.485E+08       0.349E-05       0.184E+02       0.128E+00       0.286E+13
  0.165  0.061       0.133E+14       0.494E+08       0.372E-05       0.192E+02       0.130E+00       0.253E+13
  0.175  0.065       0.127E+14       0.502E+08       0.394E-05       0.199E+02       0.132E+00       0.231E+13
  0.185  0.069       0.122E+14       0.510E+08       0.417E-05       0.206E+02       0.134E+00       0.210E+13
  0.195  0.072       0.117E+14       0.516E+08       0.439E-05       0.213E+02       0.136E+00       0.189E+13
  0.205  0.076       0.113E+14       0.521E+08       0.461E-05       0.219E+02       0.138E+00       0.169E+13
  0.215  0.080       0.109E+14       0.525E+08       0.483E-05       0.225E+02       0.139E+00       0.149E+13
  0.225  0.084       0.105E+14       0.529E+08       0.504E-05       0.231E+02       0.140E+00       0.137E+13
  0.235  0.087       0.101E+14       0.531E+08       0.526E-05       0.236E+02       0.141E+00       0.127E+13
  0.245  0.091       0.975E+13       0.534E+08       0.547E-05       0.242E+02       0.142E+00       0.116E+13
  0.255  0.095       0.942E+13       0.535E+08       0.568E-05       0.247E+02       0.143E+00       0.106E+13
  0.265  0.098       0.910E+13       0.536E+08       0.589E-05       0.251E+02       0.143E+00       0.967E+12
  0.275  0.102       0.880E+13       0.537E+08       0.610E-05       0.256E+02       0.144E+00       0.896E+12
  0.285  0.106       0.852E+13       0.537E+08       0.631E-05       0.260E+02       0.144E+00       0.847E+12
  0.295  0.110       0.825E+13       0.537E+08       0.652E-05       0.265E+02       0.145E+00       0.800E+12
  0.305  0.113       0.799E+13       0.537E+08       0.672E-05       0.269E+02       0.145E+00       0.754E+12
  0.315  0.117       0.774E+13       0.536E+08       0.692E-05       0.272E+02       0.145E+00       0.711E+12
  0.325  0.121       0.751E+13       0.535E+08       0.712E-05       0.276E+02       0.145E+00       0.669E+12
  0.335  0.124       0.729E+13       0.534E+08       0.732E-05       0.280E+02       0.145E+00       0.629E+12
  0.345  0.128       0.707E+13       0.532E+08       0.752E-05       0.283E+02       0.145E+00       0.590E+12
  0.355  0.132       0.687E+13       0.531E+08       0.772E-05       0.286E+02       0.145E+00       0.552E+12
  0.365  0.136       0.668E+13       0.529E+08       0.792E-05       0.289E+02       0.145E+00       0.515E+12
  0.375  0.139       0.649E+13       0.527E+08       0.811E-05       0.292E+02       0.145E+00       0.479E+12
  0.385  0.143       0.631E+13       0.524E+08       0.831E-05       0.295E+02       0.144E+00       0.444E+12
  0.395  0.147       0.614E+13       0.522E+08       0.850E-05       0.298E+02       0.144E+00       0.409E+12
  0.405  0.150       0.598E+13       0.519E+08       0.869E-05       0.300E+02       0.144E+00       0.376E+12
  0.415  0.154       0.582E+13       0.517E+08       0.888E-05       0.303E+02       0.144E+00       0.360E+12
  0.425  0.158       0.567E+13       0.514E+08       0.907E-05       0.305E+02       0.143E+00       0.344E+12
  0.435  0.162       0.552E+13       0.511E+08       0.926E-05       0.308E+02       0.143E+00       0.329E+12
  0.445  0.165       0.538E+13       0.508E+08       0.945E-05       0.310E+02       0.142E+00       0.315E+12
  0.455  0.169       0.525E+13       0.505E+08       0.963E-05       0.312E+02       0.142E+00       0.300E+12
  0.465  0.173       0.512E+13       0.502E+08       0.982E-05       0.314E+02       0.141E+00       0.287E+12
  0.475  0.176       0.499E+13       0.499E+08       0.100E-04       0.316E+02       0.141E+00       0.274E+12
  0.485  0.180       0.487E+13       0.496E+08       0.102E-04       0.318E+02       0.140E+00       0.261E+12
  0.495  0.184       0.476E+13       0.493E+08       0.104E-04       0.320E+02       0.140E+00       0.248E+12
  0.505  0.188       0.464E+13       0.490E+08       0.106E-04       0.321E+02       0.139E+00       0.236E+12
  0.515  0.191       0.453E+13       0.487E+08       0.107E-04       0.323E+02       0.139E+00       0.224E+12
  0.525  0.195       0.443E+13       0.483E+08       0.109E-04       0.325E+02       0.138E+00       0.213E+12
  0.535  0.199       0.433E+13       0.480E+08       0.111E-04       0.326E+02       0.138E+00       0.201E+12
  0.545  0.202       0.423E+13       0.477E+08       0.113E-04       0.328E+02       0.137E+00       0.193E+12
  0.555  0.206       0.414E+13       0.473E+08       0.114E-04       0.329E+02       0.136E+00       0.187E+12
  0.565  0.210       0.404E+13       0.470E+08       0.116E-04       0.330E+02       0.136E+00       0.181E+12
  0.575  0.214       0.395E+13       0.466E+08       0.118E-04       0.332E+02       0.135E+00       0.176E+12
  0.585  0.217       0.387E+13       0.463E+08       0.120E-04       0.333E+02       0.134E+00       0.170E+12
  0.595  0.221       0.378E+13       0.460E+08       0.121E-04       0.334E+02       0.134E+00       0.165E+12
  0.605  0.225       0.370E+13       0.456E+08       0.123E-04       0.335E+02       0.133E+00       0.159E+12
  0.615  0.228       0.362E+13       0.453E+08       0.125E-04       0.336E+02       0.132E+00       0.154E+12
  0.625  0.232       0.355E+13       0.449E+08       0.127E-04       0.337E+02       0.132E+00       0.149E+12
  0.635  0.236       0.347E+13       0.446E+08       0.128E-04       0.338E+02       0.131E+00       0.144E+12
  0.645  0.240       0.340E+13       0.442E+08       0.130E-04       0.339E+02       0.130E+00       0.140E+12
  0.655  0.243       0.333E+13       0.439E+08       0.132E-04       0.340E+02       0.130E+00       0.135E+12
  0.665  0.247       0.327E+13       0.436E+08       0.133E-04       0.341E+02       0.129E+00       0.131E+12
  0.675  0.251       0.320E+13       0.432E+08       0.135E-04       0.342E+02       0.128E+00       0.127E+12
  0.685  0.254       0.314E+13       0.429E+08       0.137E-04       0.342E+02       0.128E+00       0.122E+12
  0.695  0.258       0.307E+13       0.425E+08       0.138E-04       0.343E+02       0.127E+00       0.118E+12
  0.705  0.262       0.301E+13       0.422E+08       0.140E-04       0.344E+02       0.126E+00       0.114E+12
  0.715  0.266       0.295E+13       0.419E+08       0.142E-04       0.344E+02       0.125E+00       0.111E+12
  0.725  0.269       0.290E+13       0.415E+08       0.143E-04       0.345E+02       0.125E+00       0.107E+12
  0.735  0.273       0.284E+13       0.412E+08       0.145E-04       0.346E+02       0.124E+00       0.103E+12
