  0.015  0.006       0.381E+14       0.945E+07       0.248E-06       0.217E+01       0.336E-01       0.337E+14
  0.025  0.009       0.322E+14       0.148E+08       0.460E-06       0.369E+01       0.472E-01       0.220E+14
  0.035  0.013       0.286E+14       0.195E+08       0.683E-06       0.517E+01       0.587E-01       0.156E+14
  0.045  0.017       0.260E+14       0.237E+08       0.912E-06       0.658E+01       0.688E-01       0.108E+14
  0.055  0.020       0.240E+14       0.275E+08       0.114E-05       0.792E+01       0.776E-01       0.782E+13
  0.065  0.024       0.224E+14       0.308E+08       0.138E-05       0.920E+01       0.853E-01       0.647E+13
  0.075  0.028       0.210E+14       0.337E+08       0.161E-05       0.104E+02       0.922E-01       0.512E+13
  0.085  0.031       0.197E+14       0.363E+08       0.184E-05       0.116E+02       0.983E-01       0.390E+13
  0.095  0.035       0.186E+14       0.387E+08       0.208E-05       0.127E+02       0.104E+00       0.661E+13
  0.105  0.039       0.176E+14       0.407E+08       0.231E-05       0.137E+02       0.109E+00       0.568E+13
  0.115  0.042       0.168E+14       0.425E+08       0.254E-05       0.147E+02       0.113E+00       0.492E+13
  0.125  0.046       0.159E+14       0.441E+08       0.277E-05       0.156E+02       0.117E+00       0.431E+13
  0.135  0.050       0.152E+14       0.455E+08       0.300E-05       0.165E+02       0.120E+00       0.370E+13
  0.145  0.053       0.145E+14       0.468E+08       0.322E-05       0.174E+02       0.123E+00       0.328E+13
  0.155  0.057       0.139E+14       0.479E+08       0.345E-05       0.182E+02       0.126E+00       0.291E+13
  0.165  0.061       0.133E+14       0.488E+08       0.367E-05       0.189E+02       0.129E+00       0.255E+13
  0.175  0.064       0.127E+14       0.496E+08       0.389E-05       0.197E+02       0.131E+00       0.234E+13
  0.185  0.068       0.122E+14       0.503E+08       0.411E-05       0.203E+02       0.133E+00       0.213E+13
  0.195  0.072       0.117E+14       0.509E+08       0.433E-05       0.210E+02       0.134E+00       0.192E+13
  0.205  0.075       0.113E+14       0.514E+08       0.455E-05       0.216E+02       0.136E+00       0.172E+13
  0.215  0.079       0.109E+14       0.518E+08       0.477E-05       0.222E+02       0.137E+00       0.153E+13
  0.225  0.083       0.105E+14       0.522E+08       0.498E-05       0.228E+02       0.138E+00       0.139E+13
  0.235  0.086       0.101E+14       0.525E+08       0.519E-05       0.233E+02       0.139E+00       0.128E+13
  0.245  0.090       0.975E+13       0.527E+08       0.540E-05       0.239E+02       0.140E+00       0.118E+13
  0.255  0.094       0.942E+13       0.529E+08       0.561E-05       0.244E+02       0.141E+00       0.108E+13
  0.265  0.097       0.910E+13       0.530E+08       0.582E-05       0.248E+02       0.142E+00       0.988E+12
  0.275  0.101       0.880E+13       0.530E+08       0.602E-05       0.253E+02       0.142E+00       0.904E+12
  0.285  0.105       0.852E+13       0.531E+08       0.623E-05       0.257E+02       0.142E+00       0.854E+12
  0.295  0.108       0.825E+13       0.530E+08       0.643E-05       0.261E+02       0.143E+00       0.807E+12
  0.305  0.112       0.799E+13       0.530E+08       0.663E-05       0.265E+02       0.143E+00       0.762E+12
  0.315  0.116       0.774E+13       0.529E+08       0.683E-05       0.269E+02       0.143E+00       0.719E+12
  0.325  0.119       0.751E+13       0.528E+08       0.703E-05       0.273E+02       0.143E+00       0.678E+12
  0.335  0.123       0.729E+13       0.527E+08       0.723E-05       0.276E+02       0.143E+00       0.638E+12
  0.345  0.127       0.707E+13       0.525E+08       0.743E-05       0.279E+02       0.143E+00       0.599E+12
  0.355  0.130       0.687E+13       0.524E+08       0.762E-05       0.283E+02       0.143E+00       0.561E+12
  0.365  0.134       0.668E+13       0.522E+08       0.782E-05       0.286E+02       0.143E+00       0.525E+12
  0.375  0.138       0.649E+13       0.520E+08       0.801E-05       0.289E+02       0.143E+00       0.490E+12
  0.385  0.141       0.631E+13       0.518E+08       0.820E-05       0.291E+02       0.143E+00       0.455E+12
  0.395  0.145       0.614E+13       0.515E+08       0.839E-05       0.294E+02       0.142E+00       0.421E+12
  0.405  0.149       0.598E+13       0.513E+08       0.858E-05       0.297E+02       0.142E+00       0.387E+12
  0.415  0.152       0.582E+13       0.510E+08       0.877E-05       0.299E+02       0.142E+00       0.363E+12
  0.425  0.156       0.567E+13       0.508E+08       0.896E-05       0.302E+02       0.141E+00       0.348E+12
  0.435  0.160       0.552E+13       0.505E+08       0.914E-05       0.304E+02       0.141E+00       0.333E+12
  0.445  0.163       0.538E+13       0.502E+08       0.933E-05       0.306E+02       0.141E+00       0.318E+12
  0.455  0.167       0.525E+13       0.499E+08       0.951E-05       0.308E+02       0.140E+00       0.304E+12
  0.465  0.171       0.512E+13       0.496E+08       0.969E-05       0.310E+02       0.140E+00       0.290E+12
  0.475  0.174       0.499E+13       0.493E+08       0.988E-05       0.312E+02       0.139E+00       0.277E+12
  0.485  0.178       0.487E+13       0.490E+08       0.101E-04       0.314E+02       0.139E+00       0.265E+12
  0.495  0.182       0.476E+13       0.487E+08       0.102E-04       0.316E+02       0.138E+00       0.252E+12
  0.505  0.185       0.464E+13       0.484E+08       0.104E-04       0.317E+02       0.138E+00       0.240E+12
  0.515  0.189       0.453E+13       0.480E+08       0.106E-04       0.319E+02       0.137E+00       0.228E+12
  0.525  0.193       0.443E+13       0.477E+08       0.108E-04       0.321E+02       0.136E+00       0.217E+12
  0.535  0.196       0.433E+13       0.474E+08       0.109E-04       0.322E+02       0.136E+00       0.206E+12
  0.545  0.200       0.423E+13       0.471E+08       0.111E-04       0.324E+02       0.135E+00       0.195E+12
  0.555  0.204       0.414E+13       0.467E+08       0.113E-04       0.325E+02       0.135E+00       0.189E+12
  0.565  0.207       0.404E+13       0.464E+08       0.115E-04       0.326E+02       0.134E+00       0.183E+12
  0.575  0.211       0.395E+13       0.461E+08       0.116E-04       0.328E+02       0.133E+00       0.177E+12
  0.585  0.215       0.387E+13       0.457E+08       0.118E-04       0.329E+02       0.133E+00       0.171E+12
  0.595  0.218       0.378E+13       0.454E+08       0.120E-04       0.330E+02       0.132E+00       0.166E+12
  0.605  0.222       0.370E+13       0.450E+08       0.122E-04       0.331E+02       0.131E+00       0.161E+12
  0.615  0.226       0.362E+13       0.447E+08       0.123E-04       0.332E+02       0.131E+00       0.156E+12
  0.625  0.229       0.355E+13       0.444E+08       0.125E-04       0.333E+02       0.130E+00       0.151E+12
  0.635  0.233       0.347E+13       0.440E+08       0.127E-04       0.334E+02       0.129E+00       0.146E+12
  0.645  0.237       0.340E+13       0.437E+08       0.128E-04       0.335E+02       0.129E+00       0.141E+12
  0.655  0.240       0.333E+13       0.433E+08       0.130E-04       0.336E+02       0.128E+00       0.137E+12
  0.665  0.244       0.327E+13       0.430E+08       0.132E-04       0.337E+02       0.127E+00       0.132E+12
  0.675  0.248       0.320E+13       0.427E+08       0.133E-04       0.337E+02       0.127E+00       0.128E+12
  0.685  0.251       0.314E+13       0.423E+08       0.135E-04       0.338E+02       0.126E+00       0.124E+12
  0.695  0.255       0.307E+13       0.420E+08       0.137E-04       0.339E+02       0.125E+00       0.120E+12
  0.705  0.259       0.301E+13       0.417E+08       0.138E-04       0.339E+02       0.125E+00       0.116E+12
  0.715  0.262       0.295E+13       0.413E+08       0.140E-04       0.340E+02       0.124E+00       0.112E+12
  0.725  0.266       0.290E+13       0.410E+08       0.142E-04       0.341E+02       0.123E+00       0.108E+12
  0.735  0.270       0.284E+13       0.407E+08       0.143E-04       0.341E+02       0.122E+00       0.105E+12
