Center
Title
Magnetic field data from file ONE.AM
SubTitle
Problem title line 1: Dipole Magnet Problem

MArkersize -0.3
Abscissa 1
Ordinate 3 4


Titles
X
Y
Bx
By
|B|
Az
dBy/dy
dBy/dx
dBx/dy
EndTitles

AxisLabels
X (cm)
Y (cm)
Bx (G)
By (G)
B (G)
Az (G-cm)
dBy/dy (G/cm)
dBy/dx (G/cm)
dBx/dy (G/cm)
EndLabels

CurveLabels
X
Y
Bx
By
B
Az
dBy/dy
dBy/dx
dBx/dy
EndLabels

Data
;     X             Y             Bx            By            |B|           Az          dBy/dy        dBy/dx        dBx/dy
;   (cm)          (cm)           (G)           (G)            (G)         (G-cm)        (G/cm)        (G/cm)        (G/cm)
  -30.0000       0.00000      0.000000E+00 -2.218677E+04  2.218677E+04  0.000000E+00  0.000000E+00  0.000000E+00  0.000000E+00
  -29.4000       0.00000      0.000000E+00 -2.218793E+04  2.218793E+04  1.331276E+04  0.000000E+00 -7.108128E+01 -7.108128E+01
  -28.8000       0.00000      0.000000E+00 -2.221750E+04  2.221750E+04  2.662100E+04  0.000000E+00 -6.926318E+01 -6.926318E+01
  -28.2000       0.00000      0.000000E+00 -2.226823E+04  2.226823E+04  3.996148E+04  0.000000E+00 -9.937862E+01 -9.937862E+01
  -27.6000       0.00000      0.000000E+00 -2.233858E+04  2.233858E+04  5.333876E+04  0.000000E+00 -1.294409E+02 -1.294409E+02
  -27.0000       0.00000      0.000000E+00 -2.242872E+04  2.242872E+04  6.676471E+04  0.000000E+00 -1.729861E+02 -1.729861E+02
  -26.4000       0.00000      0.000000E+00 -2.253872E+04  2.253872E+04  8.025028E+04  0.000000E+00 -2.019510E+02 -2.019510E+02
  -25.8000       0.00000      0.000000E+00 -2.266760E+04  2.266760E+04  9.380761E+04  0.000000E+00 -2.303886E+02 -2.303886E+02
  -25.2000       0.00000      0.000000E+00 -2.281460E+04  2.281460E+04  1.074475E+05  0.000000E+00 -2.578505E+02 -2.578505E+02
  -24.6000       0.00000      0.000000E+00 -2.297924E+04  2.297924E+04  1.211814E+05  0.000000E+00 -2.842678E+02 -2.842678E+02
  -24.0000       0.00000      0.000000E+00 -2.316076E+04  2.316076E+04  1.350198E+05  0.000000E+00 -3.205816E+02 -3.205816E+02
  -23.4000       0.00000      0.000000E+00 -2.335828E+04  2.335828E+04  1.489719E+05  0.000000E+00 -3.432439E+02 -3.432439E+02
  -22.8000       0.00000      0.000000E+00 -2.356994E+04  2.356994E+04  1.630468E+05  0.000000E+00 -3.637540E+02 -3.637540E+02
  -22.2000       0.00000      0.000000E+00 -2.379400E+04  2.379400E+04  1.772531E+05  0.000000E+00 -3.816669E+02 -3.816669E+02
  -21.6000       0.00000      0.000000E+00 -2.402810E+04  2.402810E+04  1.915977E+05  0.000000E+00 -4.017835E+02 -4.017835E+02
  -21.0000       0.00000      0.000000E+00 -2.427042E+04  2.427042E+04  2.060858E+05  0.000000E+00 -4.109597E+02 -4.109597E+02
  -20.4000       0.00000      0.000000E+00 -2.451733E+04  2.451733E+04  2.207214E+05  0.000000E+00 -4.149513E+02 -4.149513E+02
  -19.8000       0.00000      0.000000E+00 -2.476479E+04  2.476479E+04  2.355064E+05  0.000000E+00 -4.129225E+02 -4.129225E+02
  -19.2000       0.00000      0.000000E+00 -2.500821E+04  2.500821E+04  2.504397E+05  0.000000E+00 -4.037047E+02 -4.037047E+02
  -18.6000       0.00000      0.000000E+00 -2.524023E+04  2.524023E+04  2.655170E+05  0.000000E+00 -3.742893E+02 -3.742893E+02
  -18.0000       0.00000      0.000000E+00 -2.545597E+04  2.545597E+04  2.807311E+05  0.000000E+00 -3.413995E+02 -3.413995E+02
  -17.4000       0.00000      0.000000E+00 -2.564608E+04  2.564608E+04  2.960697E+05  0.000000E+00 -2.956083E+02 -2.956083E+02
  -16.8000       0.00000      0.000000E+00 -2.580116E+04  2.580116E+04  3.115138E+05  0.000000E+00 -2.343399E+02 -2.343399E+02
  -16.2000       0.00000      0.000000E+00 -2.590903E+04  2.590903E+04  3.270395E+05  0.000000E+00 -1.555921E+02 -1.555921E+02
  -15.6000       0.00000      0.000000E+00 -2.595102E+04  2.595102E+04  3.426124E+05  0.000000E+00 -3.192587E+00 -3.192587E+00
  -15.0000       0.00000      0.000000E+00 -2.591713E+04  2.591713E+04  3.581938E+05  0.000000E+00  1.300267E+02  1.300267E+02
  -14.4000       0.00000      0.000000E+00 -2.578760E+04  2.578760E+04  3.737333E+05  0.000000E+00  2.905025E+02  2.905025E+02
  -13.8000       0.00000      0.000000E+00 -2.554306E+04  2.554306E+04  3.891629E+05  0.000000E+00  4.808636E+02  4.808636E+02
  -13.2000       0.00000      0.000000E+00 -2.515648E+04  2.515648E+04  4.044052E+05  0.000000E+00  8.174289E+02  8.174289E+02
  -12.6000       0.00000      0.000000E+00 -2.460740E+04  2.460740E+04  4.193769E+05  0.000000E+00  1.083162E+03  1.083162E+03
  -12.0000       0.00000      0.000000E+00 -2.387539E+04  2.387539E+04  4.339693E+05  0.000000E+00  1.381384E+03  1.381384E+03
  -11.4000       0.00000      0.000000E+00 -2.294173E+04  2.294173E+04  4.480714E+05  0.000000E+00  1.705841E+03  1.705841E+03
  -10.8000       0.00000      0.000000E+00 -2.178855E+04  2.178855E+04  4.615471E+05  0.000000E+00  2.052129E+03  2.052129E+03
  -10.2000       0.00000      0.000000E+00 -2.040154E+04  2.040154E+04  4.742541E+05  0.000000E+00  2.575470E+03  2.575470E+03
  -9.60000       0.00000      0.000000E+00 -1.877621E+04  1.877621E+04  4.860660E+05  0.000000E+00  2.935361E+03  2.935361E+03
  -9.00000       0.00000      0.000000E+00 -1.691941E+04  1.691941E+04  4.968358E+05  0.000000E+00  3.283600E+03  3.283600E+03
  -8.40000       0.00000      0.000000E+00 -1.484411E+04  1.484411E+04  5.064176E+05  0.000000E+00  3.611989E+03  3.611989E+03
  -7.80000       0.00000      0.000000E+00 -1.256599E+04  1.256599E+04  5.146885E+05  0.000000E+00  3.909480E+03  3.909480E+03
  -7.20000       0.00000      0.000000E+00 -1.010888E+04  1.010888E+04  5.215273E+05  0.000000E+00  4.283354E+03  4.283354E+03
  -6.60000       0.00000      0.000000E+00 -7.494007E+03  7.494007E+03  5.268410E+05  0.000000E+00  4.489310E+03  4.489310E+03
  -6.00000       0.00000      0.000000E+00 -4.757931E+03  4.757931E+03  5.305452E+05  0.000000E+00  4.652745E+03  4.652745E+03
  -5.40000       0.00000      0.000000E+00 -1.929744E+03  1.929744E+03  5.325706E+05  0.000000E+00  4.773641E+03  4.773641E+03
  -4.80000       0.00000      0.000000E+00  9.567280E+02  9.567280E+02  5.328727E+05  0.000000E+00  4.877624E+03  4.877624E+03
  -4.20000       0.00000      0.000000E+00  3.884041E+03  3.884041E+03  5.314246E+05  0.000000E+00  4.903372E+03  4.903372E+03
  -3.60000       0.00000      0.000000E+00  6.820129E+03  6.820129E+03  5.282122E+05  0.000000E+00  4.896344E+03  4.896344E+03
  -3.00000       0.00000      0.000000E+00  9.744124E+03  9.744124E+03  5.232369E+05  0.000000E+00  4.862784E+03  4.862784E+03
  -2.40000       0.00000      0.000000E+00  1.264081E+04  1.264081E+04  5.165127E+05  0.000000E+00  4.811117E+03  4.811117E+03
  -1.80000       0.00000      0.000000E+00  1.550286E+04  1.550286E+04  5.080613E+05  0.000000E+00  4.727172E+03  4.727172E+03
  -1.20000       0.00000      0.000000E+00  1.833191E+04  1.833191E+04  4.979031E+05  0.000000E+00  4.681908E+03  4.681908E+03
 -0.600000       0.00000      0.000000E+00  2.114126E+04  2.114126E+04  4.860577E+05  0.000000E+00  4.663931E+03  4.663931E+03
  2.597922E-14   0.00000      0.000000E+00  2.395199E+04  2.395199E+04  4.725331E+05  0.000000E+00  4.683340E+03  4.683340E+03
  0.600000       0.00000      0.000000E+00  2.678956E+04  2.678956E+04  4.573199E+05  0.000000E+00  4.740344E+03  4.740344E+03
   1.20000       0.00000      0.000000E+00  2.967878E+04  2.967878E+04  4.403921E+05  0.000000E+00  4.866725E+03  4.866725E+03
   1.80000       0.00000      0.000000E+00  3.262945E+04  3.262945E+04  4.217174E+05  0.000000E+00  4.976450E+03  4.976450E+03
   2.40000       0.00000      0.000000E+00  3.562050E+04  3.562050E+04  4.012605E+05  0.000000E+00  5.042350E+03  5.042350E+03
   3.00000       0.00000      0.000000E+00  3.848482E+04  3.848482E+04  3.789996E+05  0.000000E+00  4.780583E+03  4.780583E+03
   3.60000       0.00000      0.000000E+00  4.079865E+04  4.079865E+04  3.550566E+05  0.000000E+00  3.218941E+03  3.218941E+03
   4.20000       0.00000      0.000000E+00  4.248073E+04  4.248073E+04  3.298302E+05  0.000000E+00  1.860299E+03  1.860299E+03
   4.80000       0.00000      0.000000E+00  4.343881E+04  4.343881E+04  3.039055E+05  0.000000E+00  9.798759E+02  9.798759E+02
   5.40000       0.00000      0.000000E+00  4.394122E+04  4.394122E+04  2.776346E+05  0.000000E+00  5.750681E+02  5.750681E+02
   6.00000       0.00000      0.000000E+00  4.423536E+04  4.423536E+04  2.511563E+05  0.000000E+00  3.947130E+02  3.947130E+02
   6.60000       0.00000      0.000000E+00  4.444005E+04  4.444005E+04  2.245417E+05  0.000000E+00  2.691822E+02  2.691822E+02
   7.20000       0.00000      0.000000E+00  4.459265E+04  4.459265E+04  1.978246E+05  0.000000E+00  2.226320E+02  2.226320E+02
   7.80000       0.00000      0.000000E+00  4.471765E+04  4.471765E+04  1.710257E+05  0.000000E+00  1.892271E+02  1.892271E+02
   8.40000       0.00000      0.000000E+00  4.482310E+04  4.482310E+04  1.441594E+05  0.000000E+00  1.635569E+02  1.635569E+02
   9.00000       0.00000      0.000000E+00  4.491253E+04  4.491253E+04  1.172350E+05  0.000000E+00  1.411910E+02  1.411910E+02
   9.60000       0.00000      0.000000E+00  4.499745E+04  4.499745E+04  9.026047E+04  0.000000E+00  1.291573E+02  1.291573E+02
   10.2000       0.00000      0.000000E+00  4.507656E+04  4.507656E+04  6.323512E+04  0.000000E+00  1.087511E+02  1.087511E+02
   10.8000       0.00000      0.000000E+00  4.514154E+04  4.514154E+04  3.616610E+04  0.000000E+00  1.054104E+02  1.054104E+02
   11.4000       0.00000      0.000000E+00  4.520548E+04  4.520548E+04  9.060077E+03  0.000000E+00  9.595620E+01  9.595620E+01
   12.0000       0.00000      0.000000E+00  4.526180E+04  4.526180E+04 -1.807864E+04  0.000000E+00  1.015684E+02  1.015684E+02
   12.6000       0.00000      0.000000E+00  4.532271E+04  4.532271E+04 -4.525382E+04  0.000000E+00  1.015877E+02  1.015877E+02
   13.2000       0.00000      0.000000E+00  4.538472E+04  4.538472E+04 -7.246519E+04  0.000000E+00  1.043570E+02  1.043570E+02
   13.8000       0.00000      0.000000E+00  4.544775E+04  4.544775E+04 -9.971350E+04  0.000000E+00  1.082776E+02  1.082776E+02
   14.4000       0.00000      0.000000E+00  4.551288E+04  4.551288E+04 -1.270008E+05  0.000000E+00  1.088610E+02  1.088610E+02
   15.0000       0.00000      0.000000E+00  4.557981E+04  4.557981E+04 -1.543268E+05  0.000000E+00  1.141223E+02  1.141223E+02
   15.6000       0.00000      0.000000E+00  4.564840E+04  4.564840E+04 -1.816942E+05  0.000000E+00  1.147941E+02  1.147941E+02
   16.2000       0.00000      0.000000E+00  4.571990E+04  4.571990E+04 -2.091027E+05  0.000000E+00  1.200762E+02  1.200762E+02
   16.8000       0.00000      0.000000E+00  4.579256E+04  4.579256E+04 -2.365550E+05  0.000000E+00  1.242434E+02  1.242434E+02
   17.4000       0.00000      0.000000E+00  4.586707E+04  4.586707E+04 -2.640522E+05  0.000000E+00  1.246263E+02  1.246263E+02
   18.0000       0.00000      0.000000E+00  4.594180E+04  4.594180E+04 -2.915943E+05  0.000000E+00  1.260434E+02  1.260434E+02
   18.6000       0.00000      0.000000E+00  4.601605E+04  4.601605E+04 -3.191826E+05  0.000000E+00  1.232965E+02  1.232965E+02
   19.2000       0.00000      0.000000E+00  4.608959E+04  4.608959E+04 -3.468152E+05  0.000000E+00  1.227231E+02  1.227231E+02
   19.8000       0.00000      0.000000E+00  4.615805E+04  4.615805E+04 -3.744925E+05  0.000000E+00  1.131616E+02  1.131616E+02
   20.4000       0.00000      0.000000E+00  4.622235E+04  4.622235E+04 -4.022134E+05  0.000000E+00  9.400095E+01  9.400095E+01
   21.0000       0.00000      0.000000E+00  4.627743E+04  4.627743E+04 -4.299676E+05  0.000000E+00  9.153847E+01  9.153847E+01
   21.6000       0.00000      0.000000E+00  4.631778E+04  4.631778E+04 -4.577586E+05  0.000000E+00  5.493859E+01  5.493859E+01
   22.2000       0.00000      0.000000E+00  4.634989E+04  4.634989E+04 -4.855801E+05  0.000000E+00 -7.822135E+00 -7.822135E+00
   22.8000       0.00000      0.000000E+00  4.634157E+04  4.634157E+04 -5.133958E+05  0.000000E+00 -1.449876E+01 -1.449876E+01
   23.4000       0.00000      0.000000E+00  4.632847E+04  4.632847E+04 -5.412218E+05  0.000000E+00 -6.706548E+01 -6.706548E+01
   24.0000       0.00000      0.000000E+00  4.628250E+04  4.628250E+04 -5.690238E+05  0.000000E+00 -8.443931E+01 -8.443931E+01
   24.6000       0.00000      0.000000E+00  4.612298E+04  4.612298E+04 -5.968058E+05  0.000000E+00 -2.567535E+02 -2.567535E+02
   25.2000       0.00000      0.000000E+00  4.574296E+04  4.574296E+04 -6.244588E+05  0.000000E+00 -6.901979E+02 -6.901979E+02
   25.8000       0.00000      0.000000E+00  4.498571E+04  4.498571E+04 -6.517913E+05  0.000000E+00 -1.646169E+03 -1.646169E+03
   26.4000       0.00000      0.000000E+00  4.342455E+04  4.342455E+04 -6.785117E+05  0.000000E+00 -3.484900E+03 -3.484900E+03
   27.0000       0.00000      0.000000E+00  4.113684E+04  4.113684E+04 -7.040452E+05  0.000000E+00 -4.579816E+03 -4.579816E+03
   27.6000       0.00000      0.000000E+00  3.838444E+04  3.838444E+04 -7.279256E+05  0.000000E+00 -4.816307E+03 -4.816307E+03
   28.2000       0.00000      0.000000E+00  3.554221E+04  3.554221E+04 -7.500909E+05  0.000000E+00 -4.697978E+03 -4.697978E+03
   28.8000       0.00000      0.000000E+00  3.275085E+04  3.275085E+04 -7.705607E+05  0.000000E+00 -4.582593E+03 -4.582593E+03
   29.4000       0.00000      0.000000E+00  3.002848E+04  3.002848E+04 -7.893814E+05  0.000000E+00 -4.491427E+03 -4.491427E+03
   30.0000       0.00000      0.000000E+00  2.735137E+04  2.735137E+04 -8.065882E+05  0.000000E+00 -4.412328E+03 -4.412328E+03
EndData
EndFile
