Center
Title
Magnetic field data from file ONE.AM
SubTitle
Problem title line 1: Dipole Magnet Problem

MArkersize -0.3
Abscissa 1
Ordinate 3 4


Titles
X
Y
Bx
By
|B|
Az
dBy/dy
dBy/dx
dBx/dy
EndTitles

AxisLabels
X (cm)
Y (cm)
Bx (G)
By (G)
B (G)
Az (G-cm)
dBy/dy (G/cm)
dBy/dx (G/cm)
dBx/dy (G/cm)
EndLabels

CurveLabels
X
Y
Bx
By
B
Az
dBy/dy
dBy/dx
dBx/dy
EndLabels

Data
;     X             Y             Bx            By            |B|           Az          dBy/dy        dBy/dx        dBx/dy
;   (cm)          (cm)           (G)           (G)            (G)         (G-cm)        (G/cm)        (G/cm)        (G/cm)
  -30.0000      0.600000      0.000000E+00 -2.217000E+04  2.217000E+04  0.000000E+00  2.897297E+01  0.000000E+00  0.000000E+00
  -29.4000      0.600000     -2.998263E+01 -2.217234E+04  2.217236E+04  1.329954E+04  2.849656E+01 -3.221173E+01 -4.997105E+01
  -28.8000      0.600000     -4.055169E+01 -2.220763E+04  2.220767E+04  2.660859E+04 -1.188859E+00 -7.052202E+01 -7.052202E+01
  -28.2000      0.600000     -6.080901E+01 -2.225845E+04  2.225853E+04  3.994353E+04 -6.272775E-01 -9.929723E+01 -9.929723E+01
  -27.6000      0.600000     -8.089478E+01 -2.232868E+04  2.232883E+04  5.331492E+04 -8.722704E-02 -1.279663E+02 -1.279663E+02
  -27.0000      0.600000     -9.980857E+01 -2.241805E+04  2.241827E+04  6.673458E+04  3.570345E+01 -1.656357E+02 -1.663476E+02
  -26.4000      0.600000     -1.194500E+02 -2.252932E+04  2.252964E+04  8.021422E+04 -1.777183E+00 -2.038972E+02 -2.038972E+02
  -25.8000      0.600000     -1.383937E+02 -2.265858E+04  2.265900E+04  9.376598E+04 -1.437946E+00 -2.310590E+02 -2.310590E+02
  -25.2000      0.600000     -1.566983E+02 -2.280589E+04  2.280643E+04  1.074008E+05 -1.083427E+00 -2.574887E+02 -2.574887E+02
  -24.6000      0.600000     -1.741746E+02 -2.296981E+04  2.297047E+04  1.211293E+05  3.106221E+01 -2.921602E+02 -2.902910E+02
  -24.0000      0.600000     -1.892546E+02 -2.315199E+04  2.315277E+04  1.349630E+05  2.939439E+01 -3.139246E+02 -3.154243E+02
  -23.4000      0.600000     -2.055813E+02 -2.335127E+04  2.335218E+04  1.489102E+05 -3.005377E+00 -3.450202E+02 -3.450202E+02
  -22.8000      0.600000     -2.193595E+02 -2.356378E+04  2.356480E+04  1.629814E+05 -3.052841E+00 -3.648446E+02 -3.648446E+02
  -22.2000      0.600000     -2.312390E+02 -2.378876E+04  2.378988E+04  1.771842E+05 -3.258310E+00 -3.822791E+02 -3.822791E+02
  -21.6000      0.600000     -2.397628E+02 -2.402390E+04  2.402510E+04  1.915257E+05  1.469351E+01 -4.009239E+02 -3.996046E+02
  -21.0000      0.600000     -2.473099E+02 -2.426815E+04  2.426941E+04  2.060119E+05 -6.019046E+00 -4.136916E+02 -4.136916E+02
  -20.4000      0.600000     -2.505186E+02 -2.451697E+04  2.451825E+04  2.206467E+05 -6.864280E+00 -4.176784E+02 -4.176784E+02
  -19.8000      0.600000     -2.493874E+02 -2.476673E+04  2.476799E+04  2.354321E+05 -8.056704E+00 -4.162698E+02 -4.162698E+02
  -19.2000      0.600000     -2.406313E+02 -2.501317E+04  2.501433E+04  2.503676E+05 -1.830868E+01 -4.024285E+02 -4.010522E+02
  -18.6000      0.600000     -2.286080E+02 -2.525002E+04  2.525106E+04  2.654487E+05 -2.994962E+01 -3.853916E+02 -3.810133E+02
  -18.0000      0.600000     -2.106647E+02 -2.546853E+04  2.546940E+04  2.806693E+05 -1.393132E+01 -3.454306E+02 -3.454306E+02
  -17.4000      0.600000     -1.811504E+02 -2.566341E+04  2.566405E+04  2.960162E+05 -1.689565E+01 -3.020733E+02 -3.020733E+02
  -16.8000      0.600000     -1.405620E+02 -2.582430E+04  2.582468E+04  3.114723E+05 -2.066835E+01 -2.450272E+02 -2.450272E+02
  -16.2000      0.600000     -8.170842E+01 -2.594139E+04  2.594152E+04  3.270145E+05 -1.121945E+02 -1.386308E+02 -1.361807E+02
  -15.6000      0.600000     -1.853993E+01 -2.599578E+04  2.599579E+04  3.426072E+05 -1.414162E+02 -4.921401E+01 -3.089989E+01
  -15.0000      0.600000      6.508580E+01 -2.596420E+04  2.596429E+04  3.582168E+05 -2.890312E+01  1.220747E+02  1.220747E+02
  -14.4000      0.600000      1.709109E+02 -2.584441E+04  2.584498E+04  3.737855E+05 -3.455924E+01  2.750842E+02  2.750842E+02
  -13.8000      0.600000      2.989125E+02 -2.561169E+04  2.561344E+04  3.892525E+05 -4.057825E+01  4.545937E+02  4.545937E+02
  -13.2000      0.600000      4.538308E+02 -2.524627E+04  2.525035E+04  4.045435E+05 -2.955493E+02  7.445096E+02  7.563846E+02
  -12.6000      0.600000      6.189593E+02 -2.469910E+04  2.470685E+04  4.195681E+05 -2.713428E+01  1.085555E+03  1.085555E+03
  -12.0000      0.600000      8.166024E+02 -2.397539E+04  2.398930E+04  4.342189E+05 -2.855274E+01  1.372856E+03  1.372856E+03
  -11.4000      0.600000      1.034256E+03 -2.305026E+04  2.307345E+04  4.483802E+05 -2.932745E+01  1.686081E+03  1.686081E+03
  -10.8000      0.600000      1.277650E+03 -2.191965E+04  2.195685E+04  4.619282E+05 -4.353281E+02  2.154221E+03  2.129416E+03
  -10.2000      0.600000      1.496764E+03 -2.053446E+04  2.058894E+04  4.747056E+05 -4.410986E+02  2.471997E+03  2.494607E+03
  -9.60000      0.600000      1.744348E+03 -1.889107E+04  1.897143E+04  4.865918E+05  2.131233E+01  2.953756E+03  2.953756E+03
  -9.00000      0.600000      1.978962E+03 -1.702815E+04  1.714276E+04  4.974253E+05  2.391789E+01  3.291342E+03  3.291342E+03
  -8.40000      0.600000      2.197964E+03 -1.494542E+04  1.510618E+04  5.070712E+05  2.605476E+01  3.609080E+03  3.609080E+03
  -7.80000      0.600000      2.385872E+03 -1.266755E+04  1.289027E+04  5.154019E+05 -3.319390E+02  3.994406E+03  3.976453E+03
  -7.20000      0.600000      2.558662E+03 -1.018495E+04  1.050142E+04  5.222946E+05  5.427292E+01  4.316554E+03  4.316554E+03
  -6.60000      0.600000      2.699065E+03 -7.554055E+03  8.021764E+03  5.276488E+05  5.092478E+01  4.511396E+03  4.511396E+03
  -6.00000      0.600000      2.807692E+03 -4.803282E+03  5.563691E+03  5.313829E+05  4.742885E+01  4.668067E+03  4.668067E+03
  -5.40000      0.600000      2.885034E+03 -1.961646E+03  3.488764E+03  5.334316E+05  4.465392E+01  4.784949E+03  4.784949E+03
  -4.80000      0.600000      2.921669E+03  9.406712E+02  3.069367E+03  5.337493E+05 -6.186964E+01  4.879154E+03  4.869449E+03
  -4.20000      0.600000      2.950305E+03  3.880204E+03  4.874452E+03  5.323071E+05  3.742544E+01  4.918024E+03  4.918024E+03
  -3.60000      0.600000      2.945381E+03  6.826485E+03  7.434795E+03  5.290934E+05  3.119304E+01  4.907865E+03  4.907865E+03
  -3.00000      0.600000      2.920408E+03  9.758237E+03  1.018587E+04  5.241119E+05  2.396725E+01  4.872800E+03  4.872800E+03
  -2.40000      0.600000      2.879263E+03  1.266216E+04  1.298540E+04  5.173767E+05  7.325614E+01  4.796772E+03  4.798771E+03
  -1.80000      0.600000      2.843081E+03  1.552319E+04  1.578140E+04  5.089140E+05  7.151777E+01  4.741385E+03  4.738469E+03
  -1.20000      0.600000      2.802926E+03  1.834243E+04  1.855535E+04  4.987459E+05 -3.385466E+01  4.669609E+03  4.669609E+03
 -0.600000      0.600000      2.787093E+03  2.114067E+04  2.132360E+04  4.868972E+05 -4.670439E+01  4.648690E+03  4.648690E+03
  2.597922E-14  0.600000      2.801739E+03  2.393898E+04  2.410238E+04  4.733764E+05 -4.977336E+01  4.666026E+03  4.666026E+03
  0.600000      0.600000      2.851863E+03  2.676339E+04  2.691491E+04  4.581752E+05 -9.280086E+01  4.749844E+03  4.753105E+03
   1.20000      0.600000      2.902370E+03  2.964483E+04  2.978657E+04  4.412660E+05 -2.850100E+01  4.863671E+03  4.863671E+03
   1.80000      0.600000      2.973440E+03  3.259784E+04  3.273317E+04  4.226138E+05 -4.918641E+01  4.990291E+03  4.990291E+03
   2.40000      0.600000      3.077563E+03  3.565918E+04  3.579174E+04  4.021710E+05  1.278254E+02  5.178626E+03  5.178626E+03
   3.00000      0.600000      2.797219E+03  3.869640E+04  3.879737E+04  3.798331E+05  8.633776E+02  4.856372E+03  4.662032E+03
   3.60000      0.600000      2.130233E+03  4.133524E+04  4.139010E+04  3.556872E+05  1.808074E+03  3.768513E+03  3.550388E+03
   4.20000      0.600000      9.980980E+02  4.285404E+04  4.286566E+04  3.301792E+05 -9.629963E+02  1.604295E+03  1.604295E+03
   4.80000      0.600000      4.507562E+02  4.365190E+04  4.365422E+04  3.040826E+05 -5.439012E+02  7.678241E+02  7.678241E+02
   5.40000      0.600000      2.798713E+02  4.403123E+04  4.403212E+04  2.777335E+05 -1.947998E+02  4.860770E+02  4.860770E+02
   6.00000      0.600000      2.167251E+02  4.427745E+04  4.427798E+04  2.512221E+05  1.203178E+02  3.396160E+02  3.612084E+02
   6.60000      0.600000      1.628464E+02  4.445993E+04  4.446023E+04  2.245913E+05 -2.014914E+01  2.546705E+02  2.546705E+02
   7.20000      0.600000      1.328020E+02  4.460541E+04  4.460561E+04  1.978650E+05 -1.181910E+01  2.149721E+02  2.149721E+02
   7.80000      0.600000      1.114494E+02  4.472668E+04  4.472681E+04  1.710600E+05 -7.796146E+00  1.844225E+02  1.844225E+02
   8.40000      0.600000      9.552380E+01  4.483001E+04  4.483011E+04  1.441887E+05 -5.687361E+00  1.608061E+02  1.608061E+02
   9.00000      0.600000      8.358614E+01  4.491826E+04  4.491834E+04  1.172604E+05 -4.204413E+00  1.393222E+02  1.393222E+02
   9.60000      0.600000      7.985389E+01  4.500149E+04  4.500156E+04  9.028458E+04  1.189000E+01  1.401845E+02  1.330898E+02
   10.2000      0.600000      6.742011E+01  4.507756E+04  4.507761E+04  6.325681E+04 -4.700984E+00  1.249705E+02  1.249705E+02
   10.8000      0.600000      6.484632E+01  4.514318E+04  4.514323E+04  3.618589E+04 -2.040159E+00  1.024110E+02  1.024110E+02
   11.4000      0.600000      6.313855E+01  4.520678E+04  4.520682E+04  9.078320E+03 -1.406677E+00  9.357318E+01  9.357318E+01
   12.0000      0.600000      5.907639E+01  4.526278E+04  4.526282E+04 -1.806168E+04 -6.381713E-01  9.647150E+01  9.846065E+01
   12.6000      0.600000      6.137356E+01  4.532266E+04  4.532270E+04 -4.523535E+04 -1.489783E+00  1.007448E+02  1.007448E+02
   13.2000      0.600000      6.219027E+01  4.538430E+04  4.538434E+04 -7.244633E+04 -1.101087E+00  1.036910E+02  1.036910E+02
   13.8000      0.600000      6.383053E+01  4.544665E+04  4.544670E+04 -9.969473E+04 -4.197345E+00  1.058051E+02  1.063842E+02
   14.4000      0.600000      6.596891E+01  4.551189E+04  4.551194E+04 -1.269810E+05 -5.809236E-01  1.084949E+02  1.084949E+02
   15.0000      0.600000      6.849841E+01  4.557875E+04  4.557880E+04 -1.543061E+05 -4.631148E-02  1.139900E+02  1.139900E+02
   15.6000      0.600000      7.036135E+01  4.564705E+04  4.564710E+04 -1.816726E+05 -5.485160E+00  1.169440E+02  1.172689E+02
   16.2000      0.600000      7.355102E+01  4.571897E+04  4.571903E+04 -2.090809E+05  4.384913E-01  1.200985E+02  1.200985E+02
   16.8000      0.600000      7.574484E+01  4.579181E+04  4.579187E+04 -2.365324E+05  9.965172E-01  1.244968E+02  1.244968E+02
   17.4000      0.600000      7.547344E+01  4.586622E+04  4.586628E+04 -2.640294E+05 -2.049435E+00  1.255737E+02  1.257891E+02
   18.0000      0.600000      7.807603E+01  4.594181E+04  4.594187E+04 -2.915713E+05  1.588284E+00  1.264294E+02  1.264294E+02
   18.6000      0.600000      7.520926E+01  4.601718E+04  4.601724E+04 -3.191597E+05  2.048627E+00  1.252163E+02  1.253488E+02
   19.2000      0.600000      7.181804E+01  4.609119E+04  4.609124E+04 -3.467945E+05  7.633571E+00  1.188453E+02  1.196967E+02
   19.8000      0.600000      7.293483E+01  4.615997E+04  4.616002E+04 -3.744718E+05  3.171981E+00  1.139470E+02  1.139470E+02
   20.4000      0.600000      6.252310E+01  4.622716E+04  4.622720E+04 -4.021926E+05  1.629409E+01  1.042809E+02  1.042052E+02
   21.0000      0.600000      5.950776E+01  4.628164E+04  4.628168E+04 -4.299507E+05  4.660997E+00  9.255973E+01  9.255973E+01
   21.6000      0.600000      4.953585E+01  4.632425E+04  4.632428E+04 -4.577472E+05  7.622905E+00  5.651927E+01  5.651927E+01
   22.2000      0.600000      1.527624E+01  4.635894E+04  4.635894E+04 -4.855683E+05  5.314087E+01  2.457975E+01  2.546041E+01
   22.8000      0.600000      1.438656E+01  4.636101E+04  4.636101E+04 -5.133974E+05  2.291085E+01 -1.362142E+00 -1.362142E+00
   23.4000      0.600000     -2.464888E+01  4.636169E+04  4.636170E+04 -5.412240E+05  1.010600E+02 -2.167868E+01 -4.108147E+01
   24.0000      0.600000     -8.586355E+01  4.632909E+04  4.632917E+04 -5.690510E+05  3.996654E+01 -5.227107E+01 -5.227107E+01
   24.6000      0.600000     -1.049206E+02  4.627580E+04  4.627592E+04 -5.968283E+05  3.256233E+02 -7.229070E+01 -1.748677E+02
   25.2000      0.600000     -3.340568E+02  4.597051E+04  4.597172E+04 -6.245794E+05  4.632421E+02 -5.022475E+02 -5.022475E+02
   25.8000      0.600000     -8.707656E+02  4.538055E+04  4.538891E+04 -6.521080E+05  1.010910E+03 -1.346009E+03 -1.346009E+03
   26.4000      0.600000     -1.993138E+03  4.396549E+04  4.401065E+04 -6.791119E+05  1.919581E+03 -3.330016E+03 -3.321897E+03
   27.0000      0.600000     -2.965652E+03  4.138102E+04  4.148715E+04 -7.048627E+05 -1.231003E+03 -4.969314E+03 -4.969314E+03
   27.6000      0.600000     -2.933800E+03  3.841338E+04  3.852525E+04 -7.287924E+05 -2.571650E+02 -4.988106E+03 -4.988106E+03
   28.2000      0.600000     -2.820054E+03  3.550208E+04  3.561391E+04 -7.509368E+05  3.671235E+01 -4.690271E+03 -4.690271E+03
   28.8000      0.600000     -2.742891E+03  3.271661E+04  3.283139E+04 -7.713859E+05  2.047919E+01 -4.579590E+03 -4.579590E+03
   29.4000      0.600000     -2.685139E+03  2.999877E+04  3.011870E+04 -7.901879E+05 -9.207385E+01 -4.466507E+03 -4.475231E+03
   30.0000      0.600000     -2.638296E+03  2.734111E+04  2.746810E+04 -8.073826E+05  5.746800E+01 -4.393418E+03 -4.393418E+03
EndData
EndFile
