Center
Title
Magnetic field data from file ONE.AM
SubTitle
Problem title line 1: Dipole Magnet Problem

MArkersize -0.3
Abscissa 1
Ordinate 3 4


Titles
X
Y
Bx
By
|B|
Az
dBy/dy
dBy/dx
dBx/dy
EndTitles

AxisLabels
X (cm)
Y (cm)
Bx (G)
By (G)
B (G)
Az (G-cm)
dBy/dy (G/cm)
dBy/dx (G/cm)
dBx/dy (G/cm)
EndLabels

CurveLabels
X
Y
Bx
By
B
Az
dBy/dy
dBy/dx
dBx/dy
EndLabels

Data
;     X             Y             Bx            By            |B|           Az          dBy/dy        dBy/dx        dBx/dy
;   (cm)          (cm)           (G)           (G)            (G)         (G-cm)        (G/cm)        (G/cm)        (G/cm)
  -30.0000       1.20000      0.000000E+00 -2.214044E+04  2.214044E+04  0.000000E+00  7.218244E+01  0.000000E+00  0.000000E+00
  -29.4000       1.20000     -3.738608E+01 -2.214459E+04  2.214462E+04  1.328676E+04  6.231014E+01 -7.031154E+01 -7.031154E+01
  -28.8000       1.20000     -8.150556E+01 -2.217714E+04  2.217729E+04  2.657204E+04  7.455848E-02 -7.113744E+01 -7.113744E+01
  -28.2000       1.20000     -1.215694E+02 -2.222821E+04  2.222854E+04  3.988887E+04 -1.287105E+00 -1.002548E+02 -1.002548E+02
  -27.6000       1.20000     -1.613807E+02 -2.229908E+04  2.229967E+04  5.324205E+04 -2.262917E+00 -1.389474E+02 -1.389474E+02
  -27.0000       1.20000     -2.010461E+02 -2.239021E+04  2.239112E+04  6.664413E+04 -1.362926E+00 -1.677353E+02 -1.677353E+02
  -26.4000       1.20000     -2.399891E+02 -2.250057E+04  2.250185E+04  8.010675E+04 -5.108386E-01 -1.960810E+02 -1.960810E+02
  -25.8000       1.20000     -2.774288E+02 -2.263060E+04  2.263231E+04  9.364136E+04 -1.767781E+00 -2.328997E+02 -2.328997E+02
  -25.2000       1.20000     -3.137271E+02 -2.277901E+04  2.278117E+04  1.072598E+05 -3.056339E+00 -2.597705E+02 -2.597705E+02
  -24.6000       1.20000     -3.489390E+02 -2.294564E+04  2.294829E+04  1.209727E+05 -3.787537E+00 -2.942392E+02 -2.942392E+02
  -24.0000       1.20000     -3.822429E+02 -2.312948E+04  2.313264E+04  1.347912E+05 -3.401389E+00 -3.187769E+02 -3.187769E+02
  -23.4000       1.20000     -4.128524E+02 -2.332941E+04  2.333306E+04  1.487250E+05 -3.615937E+00 -3.489024E+02 -3.489024E+02
  -22.8000       1.20000     -4.403813E+02 -2.354447E+04  2.354859E+04  1.627837E+05 -5.138095E+00 -3.695387E+02 -3.695387E+02
  -22.2000       1.20000     -4.646028E+02 -2.377258E+04  2.377712E+04  1.769757E+05 -8.177339E+00 -3.937830E+02 -3.937830E+02
  -21.6000       1.20000     -4.842937E+02 -2.401242E+04  2.401731E+04  1.913087E+05 -8.872281E+00 -4.085801E+02 -4.085801E+02
  -21.0000       1.20000     -4.983121E+02 -2.426104E+04  2.426615E+04  2.057889E+05 -1.002004E+01 -4.199821E+02 -4.199821E+02
  -20.4000       1.20000     -5.049531E+02 -2.451534E+04  2.452054E+04  2.204208E+05 -1.108342E+01 -4.280290E+02 -4.280290E+02
  -19.8000       1.20000     -5.035718E+02 -2.477218E+04  2.477730E+04  2.352070E+05 -1.298958E+01 -4.284824E+02 -4.284824E+02
  -19.2000       1.20000     -4.929446E+02 -2.502673E+04  2.503159E+04  2.501477E+05 -1.932897E+01 -4.201556E+02 -4.201556E+02
  -18.6000       1.20000     -4.689419E+02 -2.527371E+04  2.527806E+04  2.652403E+05 -2.311862E+01 -4.045412E+02 -4.045412E+02
  -18.0000       1.20000     -4.289696E+02 -2.550579E+04  2.550940E+04  2.804790E+05 -2.533136E+01 -3.678803E+02 -3.678803E+02
  -17.4000       1.20000     -3.721364E+02 -2.571574E+04  2.571843E+04  2.958520E+05 -2.780446E+01 -3.279411E+02 -3.279411E+02
  -16.8000       1.20000     -2.939803E+02 -2.589433E+04  2.589600E+04  3.113440E+05 -2.986917E+01 -2.746820E+02 -2.746820E+02
  -16.2000       1.20000     -1.916725E+02 -2.602838E+04  2.602909E+04  3.269328E+05 -4.535947E+01 -1.809509E+02 -1.809509E+02
  -15.6000       1.20000     -5.685144E+01 -2.610599E+04  2.610606E+04  3.425884E+05 -5.520959E+01 -8.724874E+01 -8.724874E+01
  -15.0000       1.20000      1.139765E+02 -2.610787E+04  2.610812E+04  3.582738E+05 -5.420725E+01  7.451028E+01  7.451028E+01
  -14.4000       1.20000      3.212646E+02 -2.601911E+04  2.602110E+04  3.739368E+05 -5.346106E+01  2.239400E+02  2.239400E+02
  -13.8000       1.20000      5.686659E+02 -2.581785E+04  2.582411E+04  3.895187E+05 -6.533335E+01  4.639461E+02  4.639461E+02
  -13.2000       1.20000      8.696679E+02 -2.547799E+04  2.549282E+04  4.049431E+05 -7.525437E+01  6.835619E+02  6.835619E+02
  -12.6000       1.20000      1.220080E+03 -2.497926E+04  2.500904E+04  4.201215E+05 -8.491377E+01  9.362786E+02  9.362786E+02
  -12.0000       1.20000      1.616305E+03 -2.428670E+04  2.434042E+04  4.349520E+05 -5.476627E+01  1.325158E+03  1.325158E+03
  -11.4000       1.20000      2.050273E+03 -2.338804E+04  2.347774E+04  4.493084E+05 -3.345353E+01  1.649244E+03  1.649244E+03
  -10.8000       1.20000      2.518436E+03 -2.225544E+04  2.239748E+04  4.630618E+05 -1.623362E+01  2.114536E+03  2.114536E+03
  -10.2000       1.20000      3.009728E+03 -2.087719E+04  2.109302E+04  4.760624E+05 -1.051667E+01  2.483825E+03  2.483825E+03
  -9.60000       1.20000      3.500889E+03 -1.924870E+04  1.956447E+04  4.881637E+05  1.413300E+01  2.974209E+03  2.974209E+03
  -9.00000       1.20000      3.971001E+03 -1.736831E+04  1.781648E+04  4.992076E+05  4.327168E+01  3.329150E+03  3.329150E+03
  -8.40000       1.20000      4.409233E+03 -1.525706E+04  1.588141E+04  5.090500E+05  6.825585E+01  3.661798E+03  3.661798E+03
  -7.80000       1.20000      4.811279E+03 -1.292808E+04  1.379434E+04  5.175571E+05  8.982804E+01  4.061191E+03  4.061191E+03
  -7.20000       1.20000      5.153584E+03 -1.041267E+04  1.161822E+04  5.246010E+05  8.664814E+01  4.316132E+03  4.316132E+03
  -6.60000       1.20000      5.427280E+03 -7.740065E+03  9.453252E+03  5.300814E+05  7.893827E+01  4.586026E+03  4.586026E+03
  -6.00000       1.20000      5.641830E+03 -4.942634E+03  7.500658E+03  5.339125E+05  8.399824E+01  4.743061E+03  4.743061E+03
  -5.40000       1.20000      5.798406E+03 -2.056463E+03  6.152280E+03  5.360319E+05  9.620487E+01  4.891683E+03  4.891683E+03
  -4.80000       1.20000      5.891223E+03  8.927262E+02  5.958479E+03  5.363911E+05  8.781636E+01  4.953855E+03  4.953855E+03
  -4.20000       1.20000      5.922838E+03  3.869904E+03  7.075038E+03  5.349651E+05  6.323771E+01  4.975772E+03  4.975772E+03
  -3.60000       1.20000      5.908702E+03  6.849513E+03  9.045916E+03  5.317462E+05  5.332734E+01  4.955861E+03  4.955861E+03
  -3.00000       1.20000      5.853996E+03  9.806502E+03  1.142089E+04  5.267417E+05  3.835507E+01  4.907705E+03  4.907705E+03
  -2.40000       1.20000      5.769980E+03  1.271827E+04  1.396592E+04  5.199717E+05  1.605750E+01  4.810380E+03  4.810380E+03
  -1.80000       1.20000      5.672816E+03  1.557716E+04  1.657796E+04  5.114680E+05 -9.496580E+00  4.722303E+03  4.722303E+03
  -1.20000       1.20000      5.588254E+03  1.838233E+04  1.921298E+04  5.012669E+05 -5.528519E+01  4.618906E+03  4.618906E+03
 -0.600000       1.20000      5.547091E+03  2.114181E+04  2.185741E+04  4.894028E+05 -8.644973E+01  4.574142E+03  4.574142E+03
  2.597922E-14   1.20000      5.567620E+03  2.389794E+04  2.453793E+04  4.758950E+05 -1.279727E+02  4.608250E+03  4.608250E+03
  0.600000       1.20000      5.683036E+03  2.669565E+04  2.729386E+04  4.607359E+05 -4.775953E+01  4.713303E+03  4.713303E+03
   1.20000       1.20000      5.827478E+03  2.955124E+04  3.012034E+04  4.438802E+05  7.123508E+01  4.809013E+03  4.809013E+03
   1.80000       1.20000      5.912263E+03  3.246510E+04  3.299905E+04  4.252871E+05 -1.497671E+02  4.885462E+03  4.885462E+03
   2.40000       1.20000      6.009566E+03  3.558722E+04  3.609107E+04  4.049591E+05 -8.885338E+02  5.666662E+03  5.666662E+03
   3.00000       1.20000      6.704206E+03  3.942545E+04  3.999140E+04  3.826722E+05  1.757995E+03  6.991640E+03  6.991640E+03
   3.60000       1.20000      4.845702E+03  4.275699E+04  4.303069E+04  3.577353E+05  1.825884E+03  3.990867E+03  3.990867E+03
   4.20000       1.20000      1.170113E+03  4.429769E+04  4.431314E+04  3.309886E+05 -2.312916E+03 -1.096907E+02 -1.096907E+02
   4.80000       1.20000      5.801520E+02  4.414020E+04  4.414401E+04  3.044419E+05 -6.193070E+02 -2.658931E+01 -2.658931E+01
   5.40000       1.20000      4.672595E+02  4.421851E+04  4.422098E+04  2.779745E+05 -1.951256E+02  2.375754E+02  2.375754E+02
   6.00000       1.20000      3.803105E+02  4.437062E+04  4.437225E+04  2.514043E+05 -6.971677E+01  2.711310E+02  2.711310E+02
   6.60000       1.20000      3.037748E+02  4.451472E+04  4.451575E+04  2.247340E+05 -3.284455E+01  2.239318E+02  2.239318E+02
   7.20000       1.20000      2.536294E+02  4.464403E+04  4.464476E+04  1.979825E+05 -2.278066E+01  1.961785E+02  1.961785E+02
   7.80000       1.20000      2.188741E+02  4.475562E+04  4.475616E+04  1.711596E+05 -2.709892E+00  1.761615E+02  1.761615E+02
   8.40000       1.20000      1.888076E+02  4.485206E+04  4.485246E+04  1.442743E+05 -1.466023E+00  1.545398E+02  1.545398E+02
   9.00000       1.20000      1.621695E+02  4.493346E+04  4.493375E+04  1.173349E+05 -1.542570E+01  1.293711E+02  1.293711E+02
   9.60000       1.20000      1.412343E+02  4.501472E+04  4.501494E+04  9.034823E+04 -2.181138E+01  1.168542E+02  1.168542E+02
   10.2000       1.20000      1.252607E+02  4.508851E+04  4.508869E+04  6.331437E+04 -1.438754E+01  9.865888E+01  9.865888E+01
   10.8000       1.20000      1.326136E+02  4.514852E+04  4.514872E+04  3.624505E+04  1.005247E+01  1.038961E+02  1.038961E+02
   11.4000       1.20000      1.215177E+02  4.520849E+04  4.520865E+04  9.134378E+03 -8.709708E-01  9.180580E+01  9.180580E+01
   12.0000       1.20000      1.219866E+02  4.526303E+04  4.526319E+04 -1.800481E+04 -1.132194E+00  9.859051E+01  9.859051E+01
   12.6000       1.20000      1.207753E+02  4.532216E+04  4.532232E+04 -4.518049E+04 -2.586053E+00  9.825049E+01  9.825049E+01
   13.2000       1.20000      1.243455E+02  4.538243E+04  4.538260E+04 -7.239028E+04 -4.795233E-01  1.023684E+02  1.023684E+02
   13.8000       1.20000      1.293708E+02  4.544379E+04  4.544397E+04 -9.963621E+04  9.103785E-01  1.077715E+02  1.077715E+02
   14.4000       1.20000      1.298522E+02  4.550832E+04  4.550850E+04 -1.269222E+05 -2.338314E+00  1.070511E+02  1.070511E+02
   15.0000       1.20000      1.378019E+02  4.557478E+04  4.557499E+04 -1.542443E+05  1.622051E+00  1.144145E+02  1.144145E+02
   15.6000       1.20000      1.385854E+02  4.564311E+04  4.564332E+04 -1.816100E+05 -1.997828E+00  1.136125E+02  1.136125E+02
   16.2000       1.20000      1.452016E+02  4.571541E+04  4.571564E+04 -2.090152E+05 -1.022121E+00  1.202625E+02  1.202625E+02
   16.8000       1.20000      1.518392E+02  4.578907E+04  4.578932E+04 -2.364642E+05  2.288067E+00  1.263389E+02  1.263389E+02
   17.4000       1.20000      1.521529E+02  4.586468E+04  4.586494E+04 -2.639606E+05  1.932334E-02  1.258348E+02  1.258348E+02
   18.0000       1.20000      1.550701E+02  4.594181E+04  4.594207E+04 -2.915015E+05  1.874788E+00  1.288158E+02  1.288158E+02
   18.6000       1.20000      1.531627E+02  4.601901E+04  4.601926E+04 -3.190905E+05  1.270423E+00  1.268137E+02  1.268137E+02
   19.2000       1.20000      1.525860E+02  4.609526E+04  4.609551E+04 -3.467245E+05  4.276635E+00  1.274933E+02  1.274933E+02
   19.8000       1.20000      1.421140E+02  4.616814E+04  4.616836E+04 -3.744072E+05  5.442798E-01  1.179915E+02  1.179915E+02
   20.4000       1.20000      1.241300E+02  4.623892E+04  4.623909E+04 -4.021365E+05 -2.147778E+00  9.920594E+01  9.920594E+01
   21.0000       1.20000      1.229121E+02  4.629920E+04  4.629936E+04 -4.298964E+05  1.282908E+01  1.026810E+02  1.026810E+02
   21.6000       1.20000      8.528909E+01  4.635057E+04  4.635065E+04 -4.577056E+05 -1.539312E+00  6.720675E+01  6.720675E+01
   22.2000       1.20000      8.032941E+01  4.639343E+04  4.639350E+04 -4.855261E+05  2.378235E+01  7.317152E+01  7.317152E+01
   22.8000       1.20000      2.123171E+01  4.641496E+04  4.641497E+04 -5.133871E+05  1.319966E+01  2.807517E+01  2.807517E+01
   23.4000       1.20000     -2.892211E+01  4.643540E+04  4.643541E+04 -5.412509E+05  3.998707E+01  8.425232E+00  8.425232E+00
   24.0000       1.20000     -9.950050E+01  4.644040E+04  4.644051E+04 -5.691122E+05  5.496072E+01  1.074677E+01  1.074677E+01
   24.6000       1.20000     -1.916633E+02  4.644358E+04  4.644397E+04 -5.969801E+05  2.069871E+02  1.329462E+01  1.329462E+01
   25.2000       1.20000     -3.572382E+02  4.650857E+04  4.650994E+04 -6.248331E+05  5.670913E+02  1.476276E+02  1.476276E+02
   25.8000       1.20000     -8.003642E+02  4.680867E+04  4.681551E+04 -6.527771E+05  2.497440E+03  6.061066E+02  6.061066E+02
   26.4000       1.20000     -4.378032E+03  4.563320E+04  4.584273E+04 -6.810699E+05 -1.119430E+03 -3.212125E+03 -3.212125E+03
   27.0000       1.20000     -6.497046E+03  4.177351E+04  4.227573E+04 -7.076123E+05 -1.084629E+03 -6.603014E+03 -6.603014E+03
   27.6000       1.20000     -5.785807E+03  3.820079E+04  3.863646E+04 -7.314260E+05  7.338968E+02 -4.834737E+03 -4.834737E+03
   28.2000       1.20000     -5.620716E+03  3.536604E+04  3.580991E+04 -7.534734E+05  6.810622E+01 -4.626100E+03 -4.626100E+03
   28.8000       1.20000     -5.483882E+03  3.261036E+04  3.306824E+04 -7.738549E+05  4.434357E+00 -4.555705E+03 -4.555705E+03
   29.4000       1.20000     -5.341853E+03  2.992598E+04  3.039901E+04 -7.925982E+05  7.117833E+01 -4.411100E+03 -4.411100E+03
   30.0000       1.20000     -5.244377E+03  2.730361E+04  2.780271E+04 -8.097540E+05  1.092557E+02 -4.304274E+03 -4.304274E+03
EndData
EndFile
